512
1.5355 0.769064 3.64238 -0.559519 0.0570353 0.789081 1.04148 -0.398196 3.60938 1 1 1 1
3.52547 1.3863 3.22137 -0.248038 0.211971 -0.0282393 -12.1999 10.8029 -5.06996 1 1 1 1
2.80519 1.44686 2.38315 -0.201941 0.402671 -0.319223 1.25874 -1.68371 -0.129256 1 1 1 1
0.61788 2.74273 5.81471 0.768618 -0.00793567 -0.0321119 -0.0184567 -4.70806 10.8429 1 1 1 1
2.15869 0.562778 7.00518 0.0586338 -0.0174646 -0.0295841 0.024524 -3.76862 1.5791 1 1 1 1
1.25732 2.5897 7.60413 0.649597 -0.151704 0.825 3.85969 -8.38469 -11.811 1 1 1 1
2.39041 1.49094 6.58779 -0.145145 -0.0500532 0.222647 5.75931 8.30879 -5.09846 1 1 1 1
2.22915 0.629355 5.5252 -0.446167 -0.0597126 -0.129061 7.7298 -0.308248 5.13307 1 1 1 1
3.41037 3.7909 0.824502 -0.459681 -0.0828492 -0.176825 -5.18596 4.95846 -1.78265 1 1 1 1
2.53327 4.74312 2.24725 -0.189663 -0.956031 0.0187475 0.960086 -1.97206 0.200185 1 1 1 1
3.36703 0.848238 4.10527 0.570315 0.164851 0.117303 4.10719 0.846357 8.17846 1 1 1 1
1.44492 2.05877 3.54009 -0.769379 0.153934 -0.660624 3.9982 1.83185 3.24606 1 1 1 1
1.50125 1.88141 8.41825 -0.0120261 -0.21939 -0.317728 1.1498 2.34616 -0.9951 1 1 1 1
0.574633 0.525983 5.89185 -0.0935345 0.0276697 1.02852 -1.04255 20.3952 -0.428925 1 1 1 1
0.542859 2.60132 8.44367 0.445477 0.201012 -0.209883 9.87303 -9.21759 -4.53217 1 1 1 1
1.77336 4.7023 7.52117 0.945391 -0.430647 0.146467 -2.32613 5.44099 3.42326 1 1 1 1
2.56311 3.82594 1.65188 0.234926 -0.011819 0.255045 1.53288 2.71001 0.855501 1 1 1 1
0.572198 3.80852 4.0527 0.237504 -0.0327174 0.121321 -0.309571 -1.33639 -8.79226 1 1 1 1
3.51609 2.29132 2.42004 -0.0348042 -0.441719 -0.112784 -5.7078 -7.51522 -6.53724 1 1 1 1
4.18422 2.23712 3.20553 -0.416944 0.229613 0.377961 6.2653 -2.49615 5.28014 1 1 1 1
1.50327 4.05112 3.48598 0.177264 0.321817 0.0842136 6.87441 -4.45639 2.01634 1 1 1 1
2.37358 3.62432 3.99469 -0.307935 -0.0513854 0.178034 7.35054 10.122 -1.81628 1 1 1 1
0.559639 1.55131 6.47853 0.0926582 0.0632201 0.884396 -5.17497 -2.05412 4.70434 1 1 1 1
1.51231 4.17649 8.44748 0.786165 0.309736 0.114898 -3.28152 -2.66475 -4.86317 1 1 1 1
3.29051 3.17393 3.26468 0.601573 0.130258 -0.228415 -3.84093 -5.63676 -4.48709 1 1 1 1
1.45154 2.49955 5.14995 0.304575 0.0597682 -0.255452 3.57809 7.14567 -10.4506 1 1 1 1
1.43956 4.63736 5.69287 -0.355661 0.500589 -0.813011 6.99381 -9.66193 -13.8593 1 1 1 1
3.16788 3.54681 5.6877 -0.490536 0.328713 0.71148 7.89206 -8.67278 -5.34498 1 1 1 1
0.515024 2.61868 6.88211 0.452542 0.158891 0.11955 33.5527 -4.70969 -4.53452 1 1 1 1
2.49349 4.68773 3.9629 -0.00445798 -0.456392 -0.496402 1.38098 -6.69506 -1.49522 1 1 1 1
5.33478 5.53821 6.67917 -0.0403386 0.100584 0.631397 -4.61075 -15.1034 -1.711 1 1 1 1
1.41698 5.28624 8.42443 -0.115984 -0.370719 0.120657 -4.91036 3.53633 -2.07393 1 1 1 1
1.73485 5.58953 2.38514 0.311437 0.347104 -0.510549 1.61822 -9.19343 3.33631 1 1 1 1
0.633297 3.58619 2.02197 -0.0105739 0.0263901 0.127746 -4.38145 1.31957 2.50128 1 1 1 1
1.41746 3.52456 5.51707 -0.731141 -0.450148 -0.161874 -4.75737 -0.680264 14.989 1 1 1 1
2.33825 4.11964 5.7909 -0.53963 -0.491783 -0.319518 -13.2666 1.69014 -2.6212 1 1 1 1
0.954981 4.79083 4.08418 0.777055 -0.341917 0.0275507 -1.08991 2.57711 0.329522 1 1 1 1
1.49174 5.26276 6.56792 -0.187093 0.218005 0.618335 -1.6163 2.9298 3.70875 1 1 1 1
0.576708 6.82798 6.08675 -0.202634 -0.0611545 -0.0480256 -0.567 0.0667736 0.327473 1 1 1 1
2.34883 5.85539 8.446 0.26462 0.18172 0.0884562 1.20366 8.65081 -8.98516 1 1 1 1
3.00285 2.77935 0.552094 0.403418 0.195552 0.334843 -3.39851 7.2296 8.74595 1 1 1 1
1.70412 5.18595 4.79333 0.984998 -0.647347 -0.558689 -2.43183 4.11788 -2.15273 1 1 1 1
1.71404 5.11571 3.42375 0.683635 1.04306 -0.974299 -9.75128 0.818765 -2.51091 1 1 1 1
2.90357 6.38077 4.71699 -0.0739327 0.376387 0.395301 4.10337 2.48792 5.60044 1 1 1 1
1.65907 6.9657 7.47842 -0.0691007 -0.2998 0.167319 7.7273 -1.66745 0.480408 1 1 1 1
3.39063 5.37963 6.66007 -0.483137 -0.00663901 0.271454 12.5814 -8.35728 -11.4257 1 1 1 1
0.602586 4.69913 6.95436 -0.49649 -0.185058 -0.165752 1.43873 0.112381 2.63415 1 1 1 1
0.558643 5.04777 5.92088 0.5205 0.317969 0.0526907 -16.3151 7.45299 1.2174 1 1 1 1
2.64614 6.26518 2.39907 0.258563 0.219293 -0.0383654 1.80802 -1.65752 -1.81926 1 1 1 1
2.47593 3.96658 2.98822 -0.372155 -0.396444 0.570276 2.32425 -1.72009 -3.61517 1 1 1 1
1.46996 4.43621 2.43355 -0.216749 0.0410362 -0.301664 3.61495 6.88246 0.0765359 1 1 1 1
1.12433 5.8794 4.00136 -0.476852 0.730806 -0.0374703 10.9887 -1.54053 -1.64467 1 1 1 1
0.585927 5.86583 6.638 0.204965 -0.814712 -0.189489 -3.08346 -2.4303 1.62892 1 1 1 1
0.648261 8.4202 6.07809 -0.466848 -0.0511589 -0.0783323 -3.55904 0.223347 -1.47765 1 1 1 1
3.58307 7.05359 7.48184 -0.0540476 -0.273072 -0.192392 0.628486 2.84353 4.61707 1 1 1 1
4.19675 7.01679 8.44201 0.0699952 -0.461869 -0.169251 -6.24982 6.77957 1.52748 1 1 1 1
2.78581 8.39276 2.68985 0.281885 -0.28558 0.660569 0.238427 0.519165 0.290645 1 1 1 1
0.563819 6.77166 3.88035 0.269606 -0.468931 -0.463803 -7.52371 0.500219 -4.30743 1 1 1 1
3.39502 5.32926 3.90995 0.00392877 -0.110743 0.49698 -0.373712 0.836923 0.148421 1 1 1 1
2.60643 7.54255 7.51009 -0.347932 -0.0216797 -0.297789 4.36864 -1.26147 2.18266 1 1 1 1
3.14832 7.03364 5.68441 -0.00972277 0.335572 -0.265072 2.05042 -0.733547 -5.8711 1 1 1 1
2.59524 8.4313 8.04811 -0.549891 0.536907 -0.197888 -3.34093 8.25252 5.85207 1 1 1 1
0.565299 4.69051 8.06611 0.440615 -1.0202 0.239254 2.66634 0.0340078 -3.07036 1 1 1 1
2.37773 8.34032 6.82464 0.285013 -0.156731 -0.551896 0.0752241 4.34286 0.0877579 1 1 1 1
3.46953 3.0494 1.57627 -0.155107 0.0723778 0.378019 -1.657 -2.4898 5.65127 1 1 1 1
2.22827 3.62972 0.598174 -0.60258 0.41486 0.186868 5.1715 0.108471 -0.350238 1 1 1 1
0.587374 2.17646 4.34444 0.0128153 -0.409841 0.0182385 5.36791 0.393474 2.30669 1 1 1 1
0.585548 4.16324 2.96521 -0.140715 -0.650424 0.301108 -10.425 1.28847 2.11245 1 1 1 1
0.554642 1.68334 7.70423 0.680222 0.436853 -0.408424 7.10791 5.31007 -2.76625 1 1 1 1
5.90439 1.6769 7.54928 -0.34206 -0.333339 -0.365163 -2.15617 1.89991 3.06825 1 1 1 1
2.37196 0.543115 4.44811 0.392076 -0.165205 -0.208957 -4.26323 7.51766 -2.41935 1 1 1 1
0.584164 3.6561 8.43221 0.0131371 -0.253263 0.22611 -4.89668 1.49444 0.411822 1 1 1 1
2.65659 5.53996 1.53872 0.669833 0.291155 -0.266845 7.4875 8.94836 5.68162 1 1 1 1
1.9471 2.09083 2.49129 -0.595923 0.24356 0.0371655 -4.56871 7.37602 -3.76429 1 1 1 1
1.29743 0.616584 5.02533 -0.461564 -0.210681 0.499449 -3.40141 -1.6303 -0.334533 1 1 1 1
1.62333 4.11758 4.69089 0.261226 -0.183161 0.312969 4.60427 2.03641 -11.4373 1 1 1 1
2.46094 1.23958 7.86555 -0.468624 0.102325 0.564178 -8.37601 -1.53522 3.46742 1 1 1 1
4.24616 5.93681 8.43941 -0.525799 0.772832 0.470144 3.53084 4.27623 -0.175473 1 1 1 1
1.55616 3.04246 8.45843 0.143207 -0.0239398 0.0765584 2.68379 5.59769 11.1023 1 1 1 1
0.806805 3.56672 7.35365 0.410894 0.377949 -0.0827845 -5.00709 8.8616 1.10955 1 1 1 1
1.77359 6.18895 1.51208 0.195882 -0.0773936 -0.042093 2.35971 3.93631 0.299507 1 1 1 1
3.29333 6.47383 1.52609 -0.423086 0.910956 -0.198152 -3.37492 1.22967 -3.42587 1 1 1 1
2.69398 2.96559 2.36469 -0.531626 0.285145 0.142982 -6.36594 3.20556 -1.40814 1 1 1 1
2.45796 3.54104 6.69164 0.693911 0.342511 0.292955 6.24232 4.51763 -6.89611 1 1 1 1
3.26977 0.554165 5.18742 0.311737 0.013808 0.756173 -7.14043 -1.26822 -5.2876 1 1 1 1
2.36704 4.79353 8.43587 -0.0331005 0.0218982 0.311446 11.0922 -7.81635 -1.47662 1 1 1 1
0.635831 6.81492 7.19417 -0.40251 -0.120276 0.140711 -5.52247 -2.06619 -0.558757 1 1 1 1
2.46904 3.65391 8.46087 0.496662 -0.785361 -0.321039 1.30067 -4.93875 -6.3878 1 1 1 1
4.22207 4.5518 2.38604 -0.115703 0.791938 0.274997 -12.8145 12.5375 -11.9604 1 1 1 1
3.3807 4.60849 3.05391 -0.314711 -0.0701532 -0.614204 -4.05077 1.11625 2.22536 1 1 1 1
1.43446 3.86526 1.37696 0.242406 0.0827376 0.129455 11.9238 0.0290607 12.9609 1 1 1 1
2.20077 2.79175 5.91273 -1.17816 0.4282 0.686696 -3.60165 3.1148 -2.40386 1 1 1 1
2.0112 2.9842 3.27446 0.750021 -0.0351133 -0.0514002 5.42311 -9.21849 -10.3279 1 1 1 1
3.13225 5.85531 5.69449 0.0702874 -0.978816 0.270028 -0.126658 8.52915 2.23925 1 1 1 1
2.46451 4.76784 6.64067 -0.574932 0.0447278 -0.35449 -0.990828 -7.22419 -1.75803 1 1 1 1
4.33766 4.87645 8.45164 0.287208 -0.166044 -0.51579 0.384516 -4.02063 -1.83144 1 1 1 1
2.87754 2.19961 1.5427 -0.00421744 0.139192 -0.00342593 -3.2267 -1.11145 -0.699299 1 1 1 1
1.99874 2.93576 1.44798 0.210532 0.376127 0.855317 4.36447 -9.09344 -0.0967784 1 1 1 1
2.4945 7.31662 3.1232 0.0410935 0.121307 -0.00589596 3.34718 1.79826 0.551028 1 1 1 1
4.50468 5.59205 2.14974 0.142693 0.129969 -0.389251 -6.57721 1.64184 0.738883 1 1 1 1
3.79494 6.38974 2.47024 0.449161 0.142474 0.629094 -9.90079 -8.02679 -0.357326 1 1 1 1
1.51442 7.51061 6.4804 -0.0295932 0.112423 -0.182167 -7.95205 4.39259 4.15565 1 1 1 1
3.28334 6.43955 8.43069 -0.195441 -0.174742 -0.179801 -3.5064 2.5437 -0.993822 1 1 1 1
4.5722 6.59289 7.54426 -0.599212 0.0293004 0.265886 -2.72657 -6.8132 -6.35221 1 1 1 1
1.8068 8.37691 3.23826 -0.317994 -0.0108551 0.0547212 -1.48124 5.07984 -5.6813 1 1 1 1
1.31123 7.21421 4.45058 0.271522 0.36503 0.45984 3.89727 7.53819 7.33186 1 1 1 1
2.18652 6.78407 4.02813 0.178077 0.0318272 0.0589031 -0.128823 -2.43098 -15.9062 1 1 1 1
2.86362 4.17833 4.83744 -0.355083 -0.323944 0.265515 -4.75994 -11.2915 3.72893 1 1 1 1
1.72555 5.82638 7.47622 0.0252452 0.311446 0.290464 -1.21156 1.73184 6.50741 1 1 1 1
2.74521 4.17458 7.56046 -0.20526 0.404595 -0.119108 3.27326 5.27098 -5.99048 1 1 1 1
2.42263 7.00948 6.63229 -0.355085 -0.300104 -0.016111 -0.917575 -5.35698 -3.80581 1 1 1 1
2.44985 5.82196 6.67041 -0.647496 -0.0470245 -0.56294 -6.57306 20.6958 -7.14692 1 1 1 1
0.571007 3.77102 0.774909 -0.119293 0.294664 -0.00301822 -3.85708 1.89902 -1.96602 1 1 1 1
0.601772 7.81504 5.1103 0.19062 -0.282568 0.723262 0.827103 -4.94649 -0.107779 1 1 1 1
4.77328 7.86337 4.88107 -0.399224 0.0669862 -0.259046 -1.4181 0.213108 9.0587 1 1 1 1
1.53711 6.39238 6.55189 0.322835 -0.576676 -0.424303 -2.1955 6.83339 7.80279 1 1 1 1
4.21003 7.07391 6.62096 0.220701 0.178782 -0.103394 3.64067 7.66105 -4.81091 1 1 1 1
3.24016 7.67109 6.60438 0.360746 -0.664132 -0.013621 7.6438 -0.947943 -0.932277 1 1 1 1
2.70375 6.47366 7.51187 -0.53062 -0.180116 -0.234711 -9.88151 -12.6731 3.73657 1 1 1 1
2.29886 7.03149 8.4155 0.067981 -0.114724 0.0663634 3.1774 -3.54311 3.52684 1 1 1 1
5.35708 4.90692 0.588525 -0.699116 -0.0191672 -0.474257 -12.2486 -5.04143 1.23738 1 1 1 1
1.41922 7.30274 3.37206 0.136373 0.290513 -0.313977 -0.880509 -0.894318 3.64345 1 1 1 1
1.04092 8.25113 4.1116 0.482578 0.374497 0.0211101 4.64517 -2.86164 0.989307 1 1 1 1
0.807597 6.29163 2.9012 -0.13493 0.0116282 0.689972 5.0374 7.34141 1.0346 1 1 1 1
1.35859 6.41624 8.41359 -1.01002 -0.0362563 -0.412534 0.651183 -3.40923 -0.230745 1 1 1 1
4.45566 7.69963 7.60949 -0.0663691 0.37769 0.057077 -12.3341 -4.37062 -12.1901 1 1 1 1
3.33105 7.64127 8.40568 -0.483048 0.484846 -0.207494 -5.54083 -0.38213 -2.34165 1 1 1 1
4.85133 7.10999 5.69663 0.043871 -0.0332959 -0.335195 1.10906 1.2088 -1.62249 1 1 1 1
5.64886 1.37801 0.815777 -0.185233 0.542944 0.39358 4.45545 -3.46524 -1.45552 1 1 1 1
2.04417 1.54198 1.43399 -0.375184 0.338119 -0.0561015 -0.600875 0.051918 4.00096 1 1 1 1
0.917839 3.13322 3.1105 0.101498 -0.184748 -0.549901 1.5498 -0.949963 4.24878 1 1 1 1
3.55482 1.34687 1.55213 -0.266707 0.140319 0.39737 1.54903 1.96211 1.62046 1 1 1 1
0.613613 3.15326 4.86885 -0.364954 -0.142163 -0.784033 -0.92502 3.42687 -4.75123 1 1 1 1
3.46515 1.41013 6.67556 -0.726258 -0.702103 0.494069 0.46095 7.823 -1.53711 1 1 1 1
6.62094 0.573335 8.43381 0.531009 -0.104315 0.0351555 -2.89702 -3.85881 6.2451 1 1 1 1
2.99822 2.00722 7.42773 0.37675 -0.353074 -0.216366 8.9223 2.81871 4.07889 1 1 1 1
5.7834 1.41451 2.4494 -0.0838347 -0.304081 0.341226 -6.12725 5.82589 -13.9111 1 1 1 1
2.79373 0.562484 3.20122 -0.744901 -0.124216 0.225346 -1.95015 -0.238907 1.10018 1 1 1 1
1.55752 4.48759 0.554557 0.158423 -0.879133 -0.322117 -1.33952 7.42714 -6.73875 1 1 1 1
2.3988 1.40776 3.73697 -0.100975 -0.505976 0.207715 4.47617 1.1235 -2.35747 1 1 1 1
1.58108 1.57609 7.24659 0.691707 -0.403054 0.489662 -5.37781 1.53156 4.9712 1 1 1 1
3.40359 4.28319 6.61699 -0.508169 0.617627 -0.0344289 6.25451 -7.86931 5.64119 1 1 1 1
5.49252 2.22688 8.45143 0.15266 -0.234055 -0.00611983 0.0307921 -4.83344 -6.79403 1 1 1 1
1.84424 3.54865 7.57395 -0.0529012 -0.183474 0.705336 3.01511 1.9522 -6.54328 1 1 1 1
4.21196 1.42959 2.43092 -0.158924 -0.0557275 0.512931 2.59269 2.5732 -4.67648 1 1 1 1
2.32257 2.39772 4.18431 -0.0802986 0.023493 0.574147 -4.3161 4.24301 4.15807 1 1 1 1
4.88223 2.1818 0.662112 -0.432167 -0.456366 0.596124 0.715319 -3.36731 4.44762 1 1 1 1
0.85176 1.66226 5.40924 0.410806 0.177538 0.41981 2.13874 -5.34391 0.700805 1 1 1 1
1.41973 3.14744 6.57305 0.218497 -0.326446 -0.210368 -0.17456 -3.37953 -1.0927 1 1 1 1
2.98951 2.45048 5.19781 -0.18174 -0.402615 0.253939 0.295675 -3.04051 11.7178 1 1 1 1
2.18885 2.53898 7.03685 0.176401 0.494347 -0.110291 -21.3106 -8.30041 -8.53909 1 1 1 1
4.43964 3.79383 6.64111 -0.0858511 0.325775 0.559406 0.169543 -1.98868 -1.33387 1 1 1 1
3.4363 4.60109 1.58842 0.0706057 0.501149 -0.22397 0.573767 -2.64601 4.7993 1 1 1 1
3.12176 5.63712 0.539147 -0.314566 -0.277478 0.502129 -3.92102 -0.0236318 0.744998 1 1 1 1
4.20736 3.07584 2.41256 0.233126 0.574092 -0.166804 -5.50899 -7.62789 2.46521 1 1 1 1
3.1847 3.04576 4.36106 0.0466541 -0.317768 0.0338018 -2.80592 5.15651 -4.31313 1 1 1 1
3.76655 4.74915 4.79047 -0.0425848 -0.238691 -0.128791 -2.18222 -3.70106 18.7867 1 1 1 1
0.588175 3.80996 6.26491 -0.26141 0.607676 0.178407 -0.33253 1.09268 -3.97276 1 1 1 1
3.77146 3.74279 7.5271 0.352447 -0.268529 0.0476162 -1.2692 -1.90157 2.69285 1 1 1 1
0.569832 4.32199 5.04125 0.274548 -0.0228221 0.329614 5.02316 -1.13434 3.15924 1 1 1 1
6.0156 4.09698 2.21801 0.708027 -1.00868 -0.243242 5.00886 -5.64505 2.4581 1 1 1 1
1.73316 4.93901 1.51066 -0.160432 -0.206284 -0.114461 -0.589855 2.52537 2.36611 1 1 1 1
0.784655 5.24203 2.9657 -0.423744 -0.0637395 0.294108 -3.26001 -6.41483 -1.33071 1 1 1 1
2.33012 5.74742 4.10034 0.396011 -0.164842 0.314793 -7.73331 0.578092 -16.6387 1 1 1 1
2.74722 1.52153 4.74236 -0.198083 -0.0415083 -0.204874 -10.0383 -4.27477 -12.0095 1 1 1 1
3.1798 4.7885 5.73205 -0.327608 0.725588 0.427068 -4.53721 -0.226044 -2.53049 1 1 1 1
5.05509 5.99578 5.73483 0.354448 0.105636 0.479268 -10.4886 0.830779 -2.30253 1 1 1 1
5.29851 5.54192 8.4626 -0.191357 0.112307 -0.646489 -7.88223 -1.72293 -1.69318 1 1 1 1
5.28415 4.10261 1.46545 0.406881 -0.369861 -0.273229 1.78968 -5.21608 -17.9141 1 1 1 1
0.651312 4.67329 1.51982 -0.278573 -0.0325601 0.210275 0.500714 -4.33582 2.34069 1 1 1 1
3.71871 4.79659 0.56301 0.271214 -0.583442 0.542278 7.37929 -8.30052 -0.734364 1 1 1 1
2.64425 5.37909 3.12144 0.0839454 -0.0749348 0.300861 12.1969 11.9318 -9.84209 1 1 1 1
1.42636 2.10816 6.30459 -0.0479216 -0.455802 -0.026231 4.19527 11.5574 0.469036 1 1 1 1
0.54689 5.80363 7.76059 0.0069214 -0.0331973 0.0358319 12.5295 -1.49985 -1.32579 1 1 1 1
5.97123 5.49827 5.73171 -0.13725 0.144647 0.0975428 0.499388 -1.04586 10.1472 1 1 1 1
5.66497 5.01986 7.59319 0.112008 0.256921 -0.447997 -13.3726 -5.55092 -11.601 1 1 1 1
1.73973 6.89496 2.43201 0.17647 0.14978 -0.220951 -0.996911 0.572901 -10.6397 1 1 1 1
5.4163 7.9602 4.00899 0.0416764 0.199898 -0.100953 -3.89006 -2.86225 -2.80389 1 1 1 1
3.79654 7.21532 3.21955 -0.462124 0.296896 -0.0699748 -1.01147 -3.12432 1.2886 1 1 1 1
3.9004 7.15318 4.8329 0.0162821 0.571633 0.2299 -2.40512 -4.88387 0.924367 1 1 1 1
1.87413 6.2188 3.21144 0.0480808 -0.765526 0.773532 2.14198 -4.80492 8.04589 1 1 1 1
1.44241 7.09737 5.50317 -0.366981 0.152938 0.788417 -0.303749 2.60882 -0.0456043 1 1 1 1
2.38865 7.79546 5.85486 0.274755 -0.0632531 -0.439544 1.92302 -2.15539 2.10347 1 1 1 1
4.35903 5.97705 6.67781 0.195451 -0.411708 0.439551 -11.2282 -3.16059 -7.31318 1 1 1 1
2.59384 6.52509 0.568516 0.476147 -0.978636 0.236854 -2.76865 9.28655 5.40967 1 1 1 1
4.54456 8.00083 3.27304 -0.352509 -0.0151662 0.0863663 4.47388 -2.59796 -1.93323 1 1 1 1
1.70662 8.13008 5.08244 -0.0811366 -0.724323 -0.0393295 -4.03036 -2.62302 -4.51291 1 1 1 1
0.565102 6.57995 5.00099 0.18436 -0.638434 -0.564065 6.32228 -0.0910573 -0.948894 1 1 1 1
2.37809 7.26615 4.91067 0.125382 -0.169253 0.435348 -2.78374 0.915864 17.4503 1 1 1 1
5.12874 7.70586 6.60801 0.0397047 0.322194 0.109938 -6.8025 -3.59114 -4.13371 1 1 1 1
4.05652 6.42569 5.71899 -0.132874 -0.0557285 0.362382 -6.22275 10.1315 -3.19325 1 1 1 1
2.20749 5.36772 5.75998 0.427127 0.179125 0.316908 -1.59104 -5.58343 -9.50867 1 1 1 1
3.49222 0.584531 2.36958 -0.365537 -0.0332687 0.329096 3.63996 -1.34414 -0.447524 1 1 1 1
5.63567 1.51495 4.04735 0.141743 0.116589 0.317909 11.2551 -10.2111 0.176357 1 1 1 1
3.24802 0.623398 7.44281 0.0575607 0.683541 -0.812569 -2.69865 -0.789688 -1.94159 1 1 1 1
5.70493 0.570447 1.67606 -0.155221 0.119389 -0.329325 5.16302 2.26794 -5.93244 1 1 1 1
5.69482 1.11236 6.65469 -0.358606 0.165464 -0.334224 -7.40644 -6.97874 -3.01279 1 1 1 1
5.46174 3.3002 6.66482 0.533221 0.613377 0.0159182 -2.56007 -2.19757 -2.14534 1 1 1 1
3.47846 3.16676 8.45086 0.599673 0.447372 0.0874272 -1.75544 -7.9907 -3.3055 1 1 1 1
2.50979 2.47183 8.393 0.532718 0.387738 0.302614 0.681586 -0.81397 1.78653 1 1 1 1
4.0164 2.48775 4.8331 -0.275969 -0.238142 0.218991 7.98379 9.30031 -2.53426 1 1 1 1
5.76643 2.24407 3.27518 -0.0772382 -0.399749 -0.357512 -4.55318 0.384483 -9.84818 1 1 1 1
5.03385 0.57733 3.96888 0.399833 0.161135 -0.23147 -2.83654 2.36665 6.5348 1 1 1 1
1.49254 1.05073 6.20857 0.581126 -0.316501 0.210364 -2.46202 -6.85046 -0.617482 1 1 1 1
3.56583 2.0032 8.43768 0.451466 0.215612 0.0595348 -1.54078 4.14418 -4.7098 1 1 1 1
6.52099 1.72105 6.6534 0.00658007 0.21201 0.291348 11.4084 8.05245 0.999792 1 1 1 1
6.30355 3.93549 8.45862 -0.0761021 0.252589 -0.0492258 7.11632 -0.816053 -5.37241 1 1 1 1
3.00986 2.34069 6.38672 -0.470443 -0.199185 0.130187 -0.0209247 0.781708 -0.451549 1 1 1 1
4.92211 0.584481 2.41225 0.0305411 0.645231 0.353711 -1.18881 0.804498 7.2018 1 1 1 1
6.77309 4.0751 1.44003 -0.116446 -0.552628 0.193943 0.371191 -4.8796 -6.63094 1 1 1 1
3.40838 3.80405 2.35405 0.116578 0.535841 0.146515 -3.28599 1.90793 0.226918 1 1 1 1
1.44672 3.14434 4.12348 0.0360334 0.345206 -0.066112 -10.0618 -7.33525 15.153 1 1 1 1
3.37647 2.06652 4.03832 -0.335478 -0.32415 0.623657 6.51925 -5.47272 0.412276 1 1 1 1
4.77424 3.27677 7.53758 -0.621572 0.418591 0.328492 5.02685 0.926642 -1.87488 1 1 1 1
3.32589 5.29684 8.40763 -0.558966 -0.743319 -0.0297357 1.4767 10.9091 6.78682 1 1 1 1
2.87031 3.07606 7.56158 0.2509 0.382854 0.26998 11.6827 11.4549 7.16396 1 1 1 1
2.42926 7.08431 1.56852 0.0252326 0.401581 -0.237781 -10.5673 -1.60995 -4.29585 1 1 1 1
3.8222 5.61704 1.31802 0.0584222 0.0234302 -0.138488 -4.69019 -10.6599 10.3494 1 1 1 1
2.60774 4.68169 0.932429 0.00495737 0.0878992 -0.259669 0.720756 -8.84096 -8.61603 1 1 1 1
3.72169 2.00606 0.637301 -0.27885 0.0791882 0.0910765 4.84762 -3.84906 1.98381 1 1 1 1
1.64272 1.51637 4.52744 -0.527056 0.177082 0.340793 -1.13576 4.78393 -2.66992 1 1 1 1
2.01621 1.70355 5.51758 0.387269 -0.418808 0.226977 6.01227 -0.518159 2.84395 1 1 1 1
3.77322 1.50331 4.97519 -0.225938 -0.300444 0.854247 5.60897 1.40087 -17.9811 1 1 1 1
3.74845 5.79471 4.82781 -0.316992 0.288994 -0.133658 12.0057 -0.393582 5.37655 1 1 1 1
5.96467 4.04902 0.633778 0.141744 -0.76256 -0.065272 4.74043 -2.90905 -0.245127 1 1 1 1
4.98125 1.39302 1.64716 0.16294 -0.834531 0.00103655 -3.89442 3.10456 4.25046 1 1 1 1
4.16428 3.03053 3.89526 0.190764 0.0278774 0.0693198 -10.921 4.33142 11.8767 1 1 1 1
4.77058 5.66032 3.8948 0.287763 0.142161 0.486416 3.16875 -9.27699 7.76441 1 1 1 1
2.75445 2.22462 3.16472 -0.189299 0.175941 0.222323 5.76693 0.0911372 4.91986 1 1 1 1
1.25858 5.91074 5.68562 0.0748008 -0.557332 -0.225942 -9.89674 -7.79429 -5.91518 1 1 1 1
3.52167 3.21756 6.62882 0.111423 -0.179781 0.304493 4.24562 -4.89089 4.16331 1 1 1 1
4.692 4.34865 7.5482 0.398584 0.537185 -0.525907 4.90594 2.09283 2.60802 1 1 1 1
3.18157 7.27629 2.26374 0.497204 -0.0576885 0.622168 6.92821 2.45272 10.3848 1 1 1 1
3.14314 7.28748 4.07356 0.670082 0.236368 -0.381068 -0.734437 0.256733 2.52286 1 1 1 1
5.23156 7.26631 1.57289 -0.00142616 -0.759751 0.56577 3.55236 -2.47585 -5.27147 1 1 1 1
2.26245 6.46977 5.74508 0.350553 -0.215477 -0.112135 0.65681 -4.66168 0.520996 1 1 1 1
4.9425 4.61587 3.12596 -0.0078619 0.282844 -0.00134126 1.20392 -5.37561 12.9397 1 1 1 1
4.79526 5.33717 4.89047 -0.471523 0.142129 0.172091 -2.67277 5.78916 -2.90341 1 1 1 1
1.56781 4.18442 6.63956 0.0569703 0.0189058 0.0364461 -4.13507 -6.38927 -0.930401 1 1 1 1
3.33267 6.45842 6.57676 0.579129 0.79659 0.104923 3.22518 -0.282497 3.87012 1 1 1 1
5.776 6.06094 4.85555 0.33082 0.419087 -0.388415 -2.13121 -8.61663 -6.02335 1 1 1 1
2.80692 5.22993 4.83642 0.414126 0.57457 0.263538 1.24814 5.71624 11.5564 1 1 1 1
0.57294 5.47076 4.84625 0.130052 -0.555329 1.06779 3.29531 -0.749604 7.02466 1 1 1 1
2.27694 3.23657 4.93957 -0.449866 0.143837 -0.772102 -0.796406 -1.45766 8.62429 1 1 1 1
1.75604 6.28904 4.8496 0.631514 -0.371759 0.0227126 -2.67074 -3.59651 -8.03885 1 1 1 1
6.98353 7.87622 6.66956 -0.743541 0.584823 0.172423 3.32102 3.48852 -7.44582 1 1 1 1
3.9224 7.76704 5.73286 -0.195627 -0.146055 -0.161625 5.22051 -0.863802 -1.25294 1 1 1 1
5.20324 6.59659 6.62587 0.171704 -0.0481826 0.120461 6.28618 10.5367 1.30039 1 1 1 1
6.10381 6.44851 1.42901 0.0231446 -0.0412061 -0.365691 -4.87494 -0.715884 3.22688 1 1 1 1
6.10538 5.63747 2.25971 0.133354 0.281094 0.156155 -4.33864 0.491004 -6.07847 1 1 1 1
4.58751 6.41207 3.13623 0.00878294 0.146998 0.07668 5.32691 5.12283 2.6724 1 1 1 1
5.30607 6.3986 2.21114 -0.354405 0.0372617 0.050172 -1.54506 -0.745049 4.26678 1 1 1 1
5.66743 7.82636 5.66902 -0.377217 -0.0094397 -0.345786 0.456349 -2.16994 -4.16472 1 1 1 1
4.66718 6.41004 4.77318 -0.345037 -0.267617 -0.22434 5.54821 -2.93392 0.505668 1 1 1 1
7.40456 7.35581 7.48417 -0.52589 0.195923 0.0751354 -1.34922 -1.38297 5.1774 1 1 1 1
4.20116 8.30473 6.6446 -0.192001 -0.31924 -0.542417 2.64808 -1.98531 1.74391 1 1 1 1
5.76245 0.686718 3.19749 -0.411704 0.716779 0.1987 -0.0831253 -11.5466 3.3656 1 1 1 1
5.74351 0.803828 4.94956 0.143611 -0.361229 0.197324 2.37647 3.85088 -4.67114 1 1 1 1
1.68077 3.39736 2.37943 0.253744 -0.152854 0.613841 0.892666 3.20419 -6.94085 1 1 1 1
3.05243 0.525994 6.27384 0.0501922 -0.256678 -0.297022 -2.13448 12.5008 3.11585 1 1 1 1
5.61669 1.0854 8.41493 -0.100682 0.190032 -0.330433 -3.5065 3.73483 7.87645 1 1 1 1
3.8924 2.64942 7.52465 0.177043 -0.0932896 -0.509784 -6.13325 -0.479849 -4.94209 1 1 1 1
6.5265 1.73361 8.43814 -0.135763 -0.190815 -0.824494 -3.9299 -6.80234 4.45645 1 1 1 1
4.46328 2.70541 8.4314 0.042837 -0.352678 -0.300802 3.38369 -2.18122 2.28341 1 1 1 1
4.17662 3.0016 0.771922 0.110087 0.563076 0.245826 0.437565 2.44868 1.93159 1 1 1 1
8.46281 2.49649 2.99597 0.563342 0.682392 -0.696167 -19.2584 4.84207 -4.59092 1 1 1 1
7.27627 2.24163 3.18391 -0.49937 0.0229598 0.0631042 2.79389 6.39156 -0.820289 1 1 1 1
7.30695 1.51361 4.00644 0.532322 0.505834 -0.0149354 -4.71747 -3.16984 4.63184 1 1 1 1
4.15506 0.559341 3.26322 0.127702 0.187968 0.981596 6.86853 -0.462003 1.37047 1 1 1 1
6.81005 2.29445 7.56772 0.744366 -0.387431 0.189717 -10.8224 -4.11443 -12.6921 1 1 1 1
4.89052 2.21463 7.51037 0.0309413 -0.0926775 -0.266627 -5.27229 -10.2165 1.04935 1 1 1 1
8.23596 5.14963 8.38198 -0.0765273 0.0316462 -0.0281092 -2.3954 6.44893 4.4579 1 1 1 1
4.95133 3.0238 3.18756 0.116904 -0.021018 0.208282 4.27233 0.0370497 2.0296 1 1 1 1
6.56578 0.613611 2.33019 0.144859 0.0578873 0.0940101 -0.985721 -1.82765 4.50324 1 1 1 1
4.30586 0.575766 4.92792 0.0499514 0.217893 -0.283117 11.2559 -1.82846 -10.5182 1 1 1 1
4.91049 1.53546 4.86188 0.218842 0.404323 -0.466156 -1.18079 -4.50262 8.37121 1 1 1 1
5.77568 1.76467 5.68775 -0.0791745 -0.492605 -0.600681 5.6386 -9.38182 10.3347 1 1 1 1
7.64594 2.88677 5.78585 -0.381607 0.242911 -0.583838 -7.03465 -1.96036 -2.58468 1 1 1 1
5.38816 3.30924 8.4418 0.194228 -0.24274 -0.167172 1.57005 0.803658 -4.77583 1 1 1 1
3.38679 4.22257 8.45779 0.0933018 0.21707 -0.274291 1.09975 7.29234 -5.55742 1 1 1 1
5.22875 3.21268 0.560972 0.575478 0.608018 -0.32451 7.02334 -2.41695 4.54769 1 1 1 1
6.79089 4.80356 0.582361 0.193045 -0.47167 -0.132206 -0.60157 -2.31712 1.26499 1 1 1 1
4.21004 3.80178 1.59321 0.463933 0.109914 0.157888 1.86907 -1.20454 -4.94945 1 1 1 1
4.33899 1.42363 3.99882 -0.39235 0.4227 0.01211 -15.2378 -2.52814 -2.82008 1 1 1 1
4.8116 4.28706 4.89357 -0.196544 -0.40554 0.1326 -0.938885 -3.76444 -7.70258 1 1 1 1
3.89383 2.13567 5.87456 0.724839 -0.188652 0.429907 -6.90345 -4.94996 1.43212 1 1 1 1
4.39292 3.79188 8.43823 0.491414 -0.283742 0.751411 1.65071 -0.44831 -0.022916 1 1 1 1
2.73937 5.29793 7.51332 -0.514445 -0.32414 -0.500307 -6.9097 2.40938 13.8898 1 1 1 1
5.28523 4.87929 2.20815 -0.076018 0.18317 -0.0752259 5.05363 -3.3853 -20.1731 1 1 1 1
4.25491 2.21066 1.62616 -0.460642 -0.445203 0.842441 -7.20622 -1.23687 -2.91416 1 1 1 1
5.99017 2.37951 0.628366 0.00256981 0.19952 0.188427 -1.29511 7.24685 -3.63927 1 1 1 1
5.69023 2.27738 4.81423 0.196512 0.39164 0.0377252 2.41591 11.159 -10.6148 1 1 1 1
4.09519 5.39396 5.75467 0.775787 -0.0890217 -0.263395 5.7295 -13.8365 2.32566 1 1 1 1
4.41426 4.86863 6.65174 -0.254909 -0.204287 -0.485282 -8.77071 5.11707 -0.269882 1 1 1 1
6.88138 4.97072 5.73693 -0.0191632 0.0965839 0.133249 -3.03368 1.46024 -6.56442 1 1 1 1
5.45797 7.21827 7.52783 0.658089 0.338595 -0.56106 1.82416 -1.29234 -4.01428 1 1 1 1
6.08388 4.93279 1.41846 -0.107039 -0.0685208 0.0554832 -1.91708 -11.7963 4.51749 1 1 1 1
4.50137 4.79007 1.3453 0.67053 -0.791237 -0.209299 2.43632 12.7344 2.89119 1 1 1 1
3.4358 5.37158 2.32519 0.489542 0.0430457 0.632259 -5.61723 9.28736 -4.87755 1 1 1 1
3.0522 6.40159 3.40943 -0.10433 -0.991577 0.0542417 -9.6507 -4.82836 -3.98516 1 1 1 1
4.13762 5.38745 3.11956 0.873449 0.116476 -0.131283 -2.99283 2.10816 0.843597 1 1 1 1
4.14755 3.84589 3.18943 0.372114 0.401795 0.133544 8.29494 -0.470726 0.396007 1 1 1 1
7.73056 5.55351 5.57465 -0.391193 0.510593 -0.431317 -1.71502 6.38463 -1.11219 1 1 1 1
3.48342 8.33673 7.45238 -0.386166 0.236297 -0.408662 0.423842 -3.73725 1.34177 1 1 1 1
3.98479 8.07341 4.22292 -0.654373 -0.382714 -0.333347 -3.97796 -4.59451 -5.61193 1 1 1 1
3.87684 6.50158 0.58392 -0.0590169 -0.340868 -0.421821 -1.80667 -2.26218 -1.69832 1 1 1 1
5.36946 7.18383 3.13104 0.0798957 0.614795 0.00338264 -6.49209 -5.44029 -4.66196 1 1 1 1
6.6604 7.39921 5.73974 -0.530783 -0.107889 0.728402 5.34651 2.88864 -6.43944 1 1 1 1
2.14363 7.83243 4.05702 -0.105191 0.166321 0.453029 -1.28497 4.28475 5.60404 1 1 1 1
8.01262 7.44561 6.52763 -0.320504 0.0820461 -0.204427 -2.51235 -4.61374 1.33576 1 1 1 1
7.29813 7.58332 4.88907 0.575254 -0.575575 -0.401516 0.381969 8.91964 2.65753 1 1 1 1
5.55137 6.09283 7.57614 -0.360935 0.161921 0.447184 1.55682 4.96431 -8.80405 1 1 1 1
3.11219 8.05884 4.92843 0.298615 0.585785 0.368499 0.898566 -4.71284 0.272758 1 1 1 1
5.4664 6.41736 3.90372 0.492667 -0.0449808 -0.46376 -27.7546 5.10891 2.48605 1 1 1 1
4.68372 7.13293 3.94319 0.12379 0.0259929 0.0324394 -9.91419 5.92805 10.5603 1 1 1 1
6.26114 7.92131 4.68169 -0.320659 0.245245 0.973079 -3.79274 -5.80493 11.6173 1 1 1 1
5.22768 8.38729 7.40231 0.226187 -0.539934 0.465729 8.08912 7.67529 3.70246 1 1 1 1
7.45358 6.28329 7.42247 -0.388961 0.212029 0.323295 -0.748506 -8.44329 6.74115 1 1 1 1
6.14391 7.27256 8.37954 0.0362366 0.617135 -0.223325 -4.49475 5.03081 12.8169 1 1 1 1
5.08772 7.68673 8.43974 0.119524 -0.101497 -0.428022 5.52536 7.4772 4.84795 1 1 1 1
6.43885 1.44575 1.57117 0.374798 -0.0873061 0.342412 5.88508 -7.05309 7.06383 1 1 1 1
8.04704 1.48161 3.23429 0.26276 0.0624718 0.158377 -4.59163 3.6955 -14.5076 1 1 1 1
4.00559 1.01323 5.84572 -0.250114 -0.473488 0.273859 5.06705 -1.58666 10.0425 1 1 1 1
7.54978 2.28918 6.68654 0.393051 -0.150707 -0.316689 -13.1591 3.69846 -3.42678 1 1 1 1
4.97461 1.08553 7.48344 -0.0351493 -0.15462 0.262147 -2.12968 0.629458 -0.591546 1 1 1 1
4.01228 1.56812 7.52791 0.381652 0.399047 0.0762943 1.45939 -3.80956 5.61844 1 1 1 1
7.32663 3.41316 8.47427 0.791629 0.193386 -0.771106 -0.663478 3.19674 -16.0476 1 1 1 1
7.29972 4.54767 8.44012 -0.0448664 -0.078456 -0.126275 -3.48435 4.18033 2.10981 1 1 1 1
7.17975 0.537279 1.43262 0.27975 0.119334 0.125794 0.674026 19.4029 2.16427 1 1 1 1
7.59515 1.60846 1.41007 0.14347 0.679534 -0.00621659 -2.22522 2.79107 -5.07516 1 1 1 1
4.94824 2.98709 1.63724 -0.717344 0.580698 -0.357851 5.02064 10.6493 -6.89469 1 1 1 1
3.03843 1.46043 5.71973 0.0175148 0.26205 -0.211567 -6.50823 4.25867 10.1046 1 1 1 1
6.54961 1.61381 4.88382 0.284731 -0.662836 0.181339 3.8796 -5.63166 1.20964 1 1 1 1
4.15064 0.553985 8.11613 0.284504 0.173307 -0.030378 2.07009 8.95547 -3.75296 1 1 1 1
6.27252 5.08801 8.4433 -0.267544 0.0746653 0.450742 8.44295 -2.07001 6.10698 1 1 1 1
8.46566 4.68539 7.44276 -0.193437 -0.207772 0.10705 -7.50466 -3.7246 6.37771 1 1 1 1
5.69292 2.20447 1.70284 -0.462999 -0.295414 -0.48855 13.7598 2.80235 -18.8414 1 1 1 1
7.56618 2.45937 2.09861 -0.0882965 -0.0973857 0.354778 4.92624 5.03778 6.62319 1 1 1 1
6.474 0.561677 0.595915 0.375721 0.453659 -0.128436 -4.09334 3.57365 -2.87805 1 1 1 1
4.9271 2.30899 4.05428 -0.303343 0.189561 -0.10131 -3.0275 3.20087 -2.21655 1 1 1 1
5.07959 0.945293 5.82525 -0.587797 -0.455096 -0.0205919 -4.79293 -0.422552 -7.73479 1 1 1 1
4.90427 3.09351 4.8811 0.573279 0.154274 -0.563197 1.57085 0.774584 -4.41734 1 1 1 1
4.63368 1.63638 8.41246 -0.513068 0.170574 -0.328277 -6.3108 -10.1501 2.90949 1 1 1 1
7.15066 5.62899 6.56938 0.24004 0.39238 -0.370345 -0.948064 7.99457 0.837158 1 1 1 1
5.96995 3.22741 1.38595 -0.0978628 0.290417 0.28222 6.53682 4.86674 3.38666 1 1 1 1
3.03763 8.34974 3.76572 -0.109085 -0.457512 0.00278715 -0.335677 0.426199 -1.05005 1 1 1 1
4.18057 3.16058 5.70106 0.196805 0.00769625 0.227438 1.32831 3.0417 3.9064 1 1 1 1
6.50978 1.41723 3.19997 0.444837 0.0885905 -0.585369 11.7647 6.91373 11.0725 1 1 1 1
8.39032 3.26121 2.15822 -0.223347 -0.00238006 -0.084484 0.119087 -4.41466 -1.29816 1 1 1 1
5.12405 3.75254 5.74919 -0.0614183 0.530061 0.160865 -3.4027 -6.17708 2.93041 1 1 1 1
4.60948 1.63887 6.55523 -0.300065 -0.115541 -0.421043 -3.21531 -6.00593 2.06668 1 1 1 1
3.66059 5.93232 7.51167 -0.359624 0.126922 -0.0864795 -2.27505 4.58714 6.6286 1 1 1 1
5.22319 5.632 2.92585 0.179136 -0.023226 0.0612592 14.2699 -3.58425 12.9666 1 1 1 1
7.6589 6.42436 1.46444 0.22399 0.1582 -0.21869 1.9569 -0.605713 -0.491904 1 1 1 1
6.8087 3.26357 2.19779 0.400941 0.268507 -0.335622 -1.29582 3.22696 -4.67318 1 1 1 1
2.01417 5.58956 0.642938 0.05637 -0.421489 -0.380389 -0.76808 -5.53858 -6.27423 1 1 1 1
4.31242 4.67434 3.95613 -0.02283 0.452172 0.463649 6.84679 -5.3164 -11.3231 1 1 1 1
3.68276 4.80895 7.5409 -0.132423 0.817905 -0.254425 8.3135 -1.55331 -3.88569 1 1 1 1
5.71346 3.9045 7.52885 -0.23696 -0.0933022 0.268499 -8.51157 -7.54613 13.8699 1 1 1 1
7.2367 5.70365 8.44841 -0.37443 0.0646345 -0.141549 0.763773 -3.7933 -8.78057 1 1 1 1
6.02208 4.87081 3.02274 0.108769 -0.203561 0.105118 2.86873 -5.85579 1.27161 1 1 1 1
4.93745 3.81177 2.38878 -0.186751 -0.187411 0.991918 15.8381 -6.02337 13.3667 1 1 1 1
3.88151 3.66425 4.83129 -0.00775025 0.14313 -0.0369772 7.40126 5.25042 -4.642 1 1 1 1
4.9499 3.7281 3.98876 0.445146 -0.180691 0.103317 -4.88608 4.07956 1.92604 1 1 1 1
5.70084 3.81471 3.22816 -0.176607 -0.30649 -0.322612 1.89215 2.37278 -4.64307 1 1 1 1
6.2785 5.00879 6.6695 -0.08115 0.177766 -0.0318654 -4.15781 6.9942 -1.46735 1 1 1 1
5.36701 4.37015 6.67553 -0.465232 -0.209993 0.13412 -3.63442 11.4194 -4.15791 1 1 1 1
5.78831 2.73489 7.50031 0.297623 -0.123802 0.231543 8.32127 15.0615 10.7604 1 1 1 1
4.59082 4.05056 0.564145 0.124029 -0.807209 0.572711 -5.26997 4.21207 1.85978 1 1 1 1
8.38053 4.05456 1.38433 0.248348 -0.129896 0.0536007 3.52892 -1.11579 3.60254 1 1 1 1
5.27852 5.63543 1.42414 0.195494 -0.0710372 -0.614168 -1.65903 5.19753 -4.80353 1 1 1 1
5.54721 4.59455 3.97428 -0.230124 -0.650549 0.293182 -0.90237 -7.70887 -2.81659 1 1 1 1
7.53384 7.05215 4.0165 -0.234896 0.357105 0.249569 0.0934167 -8.58692 -2.6749 1 1 1 1
5.87514 6.69153 5.69279 -0.109503 0.390527 0.0918882 -1.62485 -0.108754 6.1856 1 1 1 1
8.1097 5.20645 6.4982 -0.0837257 0.877493 -0.025223 5.77361 -8.24037 9.014 1 1 1 1
5.07059 4.85427 5.77798 0.282858 -0.137223 -0.0679146 -0.416283 5.86956 4.15652 1 1 1 1
5.49181 7.11227 4.77831 -0.147516 0.326064 0.306322 6.33596 -1.6037 -3.3838 1 1 1 1
8.44282 4.80391 2.26288 0.15734 -0.462007 0.196586 -7.52302 2.81393 -1.86567 1 1 1 1
6.78637 4.82811 3.97132 -0.0417678 0.379457 -0.208444 -7.35452 2.83235 -11.0659 1 1 1 1
3.92745 6.3131 3.95587 -0.436034 0.154791 0.194572 -0.00911173 10.2823 0.236768 1 1 1 1
7.52425 6.2169 4.78558 -0.766125 -0.686991 -0.412946 11.5784 13.0462 -8.88071 1 1 1 1
6.78186 6.25003 3.90851 -0.0638111 -0.354971 0.0280592 3.2028 6.12424 11.0775 1 1 1 1
6.82601 6.12853 5.64787 0.287749 0.21814 -0.752522 -0.0869138 4.1919 4.84939 1 1 1 1
8.23944 6.33216 8.38487 0.280653 0.00265635 -0.306188 -3.85822 -3.27784 4.48479 1 1 1 1
7.2665 0.601553 3.15954 -0.449278 0.213007 -0.0601394 1.70073 1.4653 7.57684 1 1 1 1
7.28937 1.46145 2.42098 0.402891 -0.35453 -0.276009 -8.1881 2.35155 2.2481 1 1 1 1
7.72316 1.33524 5.04996 0.436055 0.481773 -0.334472 -2.1719 -0.89289 -3.46958 1 1 1 1
6.40292 0.946042 5.82538 -0.0365026 -0.33337 0.240761 -4.73174 4.92665 0.500995 1 1 1 1
7.37809 1.42021 6.07988 -0.340246 0.138341 0.135097 0.477786 -2.79561 -4.44451 1 1 1 1
8.40238 2.89105 8.4263 0.250912 0.273765 0.381013 2.23463 3.53373 -1.42219 1 1 1 1
6.58843 4.51236 7.57922 -0.167458 0.207863 -0.356259 11.4605 4.12935 -2.89448 1 1 1 1
6.35837 2.79732 8.42667 -0.367485 0.00231382 0.114223 13.1946 11.1673 2.91793 1 1 1 1
8.43335 2.5245 1.27124 0.379517 0.556179 -0.454389 -1.27123 0.0143272 9.04649 1 1 1 1
7.61364 3.28772 2.96879 -0.419469 0.346033 -0.172728 -10.6535 -11.2173 -0.777154 1 1 1 1
8.42004 1.30161 4.20121 -0.158421 -0.490649 0.200141 7.78267 8.27285 6.73478 1 1 1 1
5.53378 2.16827 6.65241 0.067487 -0.060974 0.355659 0.0705683 9.94116 -10.5776 1 1 1 1
6.54757 2.98547 4.80614 0.50458 -0.189802 -0.663822 -7.34345 -2.00356 3.28251 1 1 1 1
5.34102 4.40249 8.45448 0.222175 -0.143715 0.609394 -3.17804 5.1734 -5.21738 1 1 1 1
8.40681 2.9931 6.54769 -0.0796878 -0.169236 -0.503374 2.72996 -1.12723 0.519122 1 1 1 1
6.34079 3.96038 6.66176 -0.387493 0.103772 -0.458982 5.16855 -11.632 5.59568 1 1 1 1
8.43361 1.71371 2.209 0.31013 -0.0909127 -0.790266 -5.9573 0.494083 -1.96194 1 1 1 1
5.74363 3.0422 2.46789 0.584913 -0.0915547 -0.0564185 2.43422 3.43271 -7.62747 1 1 1 1
5.01118 2.26681 2.43881 0.60645 -0.207947 -0.0283299 -17.6579 -7.12696 11.2451 1 1 1 1
7.66963 0.549506 4.20204 -0.414163 -0.0259675 1.20172 -4.08272 -4.7296 1.69856 1 1 1 1
7.2644 3.06884 3.96704 0.638957 -0.0433975 0.20509 3.20567 -8.81385 -0.789717 1 1 1 1
7.44504 2.31251 8.4196 -0.336654 -0.236713 0.215214 1.84784 -1.77013 11.3415 1 1 1 1
4.87516 2.2864 5.61227 0.404717 -0.443083 0.29091 1.6487 5.25386 2.51043 1 1 1 1
4.54571 2.72106 6.58677 -0.0280543 -0.165435 0.322951 -0.333321 -4.71548 6.34008 1 1 1 1
6.7505 2.45994 1.3841 -0.736503 -0.161924 0.503287 5.88873 3.2077 0.371508 1 1 1 1
5.79289 2.84714 5.72953 0.520651 0.0927216 0.041487 2.74687 8.04977 -0.167638 1 1 1 1
6.47387 3.82909 3.96819 0.0636818 -0.513708 0.423384 -2.12316 -1.08154 8.36097 1 1 1 1
3.37765 4.02378 3.91184 -0.259476 0.277244 -0.206021 4.52278 2.42986 8.81878 1 1 1 1
7.47511 3.46903 4.89628 -1.08899 0.0999953 0.0520925 8.55302 2.99936 -0.9934 1 1 1 1
6.47132 2.8785 6.66023 -0.0780043 -0.231641 -0.138026 -7.89837 -16.1966 -3.87886 1 1 1 1
8.33384 4.12434 6.58548 0.383998 -0.0216431 0.330799 -6.75313 -4.57239 -11.4225 1 1 1 1
5.16067 6.63271 8.42672 0.125728 0.399023 0.153224 12.2837 -7.72593 6.4618 1 1 1 1
6.08542 5.64859 0.632785 0.114067 0.265883 -0.317513 6.35207 13.043 -3.98659 1 1 1 1
8.41447 4.72598 3.86814 0.0432125 0.495241 -0.57315 1.4379 1.81936 -0.424375 1 1 1 1
6.49019 2.26315 2.46858 -0.274186 -0.00529833 -0.874367 2.05718 -5.52062 -7.5068 1 1 1 1
8.04125 2.29954 3.9545 0.302193 0.0809821 -0.341387 1.75123 2.13367 5.81277 1 1 1 1
6.52106 3.08377 3.23279 0.472767 -0.680047 -0.0519304 -2.92989 -11.403 -8.5979 1 1 1 1
4.99199 1.47279 3.16162 -0.576731 0.535627 0.139253 -1.53861 -4.1256 5.25979 1 1 1 1
4.61651 5.43057 7.56484 0.658005 -0.345892 -0.120009 8.73233 2.4364 -1.70775 1 1 1 1
6.66425 3.43812 7.55794 -0.614843 0.194838 -0.0982935 0.0515204 -11.5495 3.3784 1 1 1 1
6.79726 3.34703 0.576285 -0.588507 -1.00295 -0.461665 -3.32836 -5.36572 0.922613 1 1 1 1
8.42602 6.33283 2.34783 0.0519412 0.209608 0.475754 0.957882 0.406731 -0.762578 1 1 1 1
5.82752 4.89925 4.894 -0.38867 0.161418 -0.350306 1.7005 6.1427 -0.276682 1 1 1 1
7.6694 4.77528 4.72696 0.521371 0.069358 0.249049 -12.0329 3.72807 3.98519 1 1 1 1
7.61546 6.89461 5.65891 -0.452958 0.0970803 0.072511 -4.53968 -1.19255 -0.00726732 1 1 1 1
8.44862 6.42295 3.99922 -0.0517351 0.57864 -0.479484 -9.42568 -4.77261 -0.860668 1 1 1 1
7.57222 4.16501 5.66423 0.215258 0.421547 0.422384 -16.4504 8.1078 5.38448 1 1 1 1
7.1409 6.78245 8.42148 0.33175 0.173046 -0.265559 2.58498 1.26142 -1.37177 1 1 1 1
4.50145 5.58874 0.536951 0.387091 0.476338 0.224052 7.9474 0.971013 2.25091 1 1 1 1
6.06751 7.14856 2.31614 -0.383591 -0.273722 0.433905 5.91427 0.0863087 1.14054 1 1 1 1
5.95639 5.54985 3.87934 -0.132255 -0.432261 -0.0276126 11.0501 -14.8856 1.0773 1 1 1 1
6.77328 5.50417 4.75206 0.486254 -0.125047 0.40232 -9.04567 -1.57894 7.69913 1 1 1 1
8.38873 6.83775 7.40908 0.0293893 0.55326 -0.237067 7.25019 5.84137 -1.59961 1 1 1 1
5.76389 3.73103 4.79197 0.168137 -0.0828119 0.0454818 -1.67428 9.00478 7.76455 1 1 1 1
6.19783 6.1467 6.5772 0.578214 0.380102 0.529617 1.95556 -0.443003 6.5643 1 1 1 1
6.57139 5.64707 7.549 -0.0504926 -0.771112 -0.392504 -5.33408 0.994901 -3.83767 1 1 1 1
5.23608 6.47314 0.648154 0.332465 -0.19708 0.0946551 -1.51853 -3.55652 2.91623 1 1 1 1
4.4459 6.45372 1.53667 0.287513 0.0813895 0.595395 2.50603 4.3523 -4.8513 1 1 1 1
6.81951 5.58889 3.11849 -0.116141 0.318142 0.419086 14.0364 -21.2908 -9.32926 1 1 1 1
6.95741 7.97278 3.89598 -0.243118 -0.0969588 -0.243676 0.389812 -1.73787 -6.53114 1 1 1 1
7.62624 6.32444 3.1605 -0.506448 -0.425577 -0.154836 -0.281671 2.92566 3.46988 1 1 1 1
6.46097 6.7336 7.50347 -0.446742 0.307916 -0.831075 0.576338 1.6912 -4.44575 1 1 1 1
8.39375 3.59063 5.64547 0.0859711 0.0350575 -0.0568023 23.9457 -4.1816 3.25715 1 1 1 1
6.19297 6.2239 8.44064 -0.918622 -0.130546 -0.0103953 2.06369 -11.7425 -0.249469 1 1 1 1
7.92321 0.630686 2.29224 0.564428 -0.591454 -0.218427 5.06412 -7.10042 -0.261247 1 1 1 1
8.47638 0.520447 4.95322 -0.351672 -0.0448739 0.0641537 -18.7688 19.7465 1.5806 1 1 1 1
4.11526 0.591716 6.81742 -0.20861 0.146771 -0.278332 10.4056 -5.06079 5.11168 1 1 1 1
6.98574 0.545638 5.07157 0.231819 -0.755855 0.553189 4.41299 2.93975 -2.75129 1 1 1 1
6.89665 1.14088 7.58865 0.0393791 -0.915339 -0.083334 2.76636 12.9211 -4.82317 1 1 1 1
8.47228 3.53199 7.47943 0.103225 0.0181043 0.043916 -2.42848 -1.19657 1.83301 1 1 1 1
8.39306 4.06162 8.42907 0.1254 0.0139511 -0.0342551 -2.70819 -1.66353 -0.728105 1 1 1 1
6.80569 0.554902 6.70428 -0.0816228 0.294141 0.36604 -0.965502 2.68613 3.21516 1 1 1 1
7.54876 3.28978 1.35659 0.376509 -0.352328 0.126089 2.67141 -1.305 6.20922 1 1 1 1
8.44212 0.539657 3.43866 -0.25821 -0.445253 0.45474 0.227435 -2.17559 -4.37674 1 1 1 1
6.56323 0.62964 4.09775 -0.0337444 0.740001 -0.391555 -5.61541 5.1381 -7.64746 1 1 1 1
5.95747 0.594386 7.53691 -0.132169 -0.446398 0.0488278 3.62895 -12.6932 -1.88587 1 1 1 1
8.33076 3.34601 3.88867 0.316606 0.231943 0.214864 -0.517258 -4.66386 -5.3222 1 1 1 1
8.43406 2.1502 7.24928 -0.399414 0.0761874 0.252322 3.41145 2.13135 6.28157 1 1 1 1
6.75919 2.30372 5.7574 -0.500595 0.145379 -0.473781 -3.47885 -1.00988 -3.88955 1 1 1 1
7.62903 2.91491 7.56767 0.37401 0.787079 0.650012 9.75707 2.73323 -4.43331 1 1 1 1
7.62255 2.52923 0.572367 0.107727 -0.315062 -0.0630961 -9.09723 -2.63905 -1.9849 1 1 1 1
7.61573 4.05574 2.16079 -0.886584 0.0303815 0.168884 -2.91613 -0.37111 6.33161 1 1 1 1
5.75718 3.00049 4.01877 -0.0971458 -0.525254 -0.135261 -1.03036 3.59794 -2.10851 1 1 1 1
7.63135 4.08169 0.572623 -0.373269 -0.606856 0.127021 -2.10577 1.63373 2.4367 1 1 1 1
8.37371 3.97248 2.99892 -0.48194 0.480853 -0.080065 10.4356 12.8967 2.12795 1 1 1 1
8.31241 2.03377 5.6768 -0.0704676 0.448828 0.235235 -0.975166 1.23796 1.46193 1 1 1 1
8.40596 4.02315 4.69483 0.396819 0.479459 -0.25619 3.18365 1.19592 -0.567559 1 1 1 1
4.11966 4.28617 5.74112 0.0506871 -0.857257 -0.077527 0.236837 -4.12669 -1.62213 1 1 1 1
8.38658 5.61625 1.47476 -0.0194018 -0.985057 0.0169827 2.14395 -2.32091 2.29259 1 1 1 1
8.45067 4.85958 0.673369 -0.293496 -0.432288 0.123034 -8.05514 2.99733 -4.85909 1 1 1 1
6.7966 1.62938 0.574598 0.0315684 -0.0527378 0.542838 2.51513 2.8185 -2.00758 1 1 1 1
7.53221 4.09951 3.8703 0.659512 -0.0169227 -0.165548 4.27756 -6.18438 -1.41135 1 1 1 1
8.39417 2.83729 4.88208 0.176116 0.135566 0.118249 1.71057 -1.03334 -2.34474 1 1 1 1
6.71639 4.23879 4.94357 0.178137 -0.029742 0.542366 3.02681 2.7209 -4.33484 1 1 1 1
7.42016 2.3331 4.83791 0.551385 -0.196556 -0.406429 -5.3592 2.84044 -0.204985 1 1 1 1
7.33552 3.43857 6.67363 -0.124632 0.06353 0.360863 14.9942 4.67292 -4.09303 1 1 1 1
6.86737 5.69 1.51588 -0.669334 0.0923592 0.0951073 -0.764192 -6.76775 -12.5631 1 1 1 1
6.83426 4.83252 2.19528 -0.0119815 0.415809 0.220847 -0.288171 5.35477 11.3386 1 1 1 1
7.57149 4.86549 1.4273 -0.349834 -0.0974871 -0.864056 5.49836 -2.32632 -3.17761 1 1 1 1
7.65025 4.83953 3.06722 0.401368 0.712065 -0.203626 -11.1277 -9.79802 -5.30497 1 1 1 1
7.58702 5.63837 2.31546 -0.24874 -0.192351 -0.445787 11.5956 -16.1366 -1.80933 1 1 1 1
7.06373 6.79057 6.57053 0.68149 0.366803 0.104306 3.25232 -3.98194 -1.38268 1 1 1 1
6.00581 4.34646 5.75524 0.0157683 -0.494407 -0.165832 2.36505 -1.95134 2.34742 1 1 1 1
7.54977 4.00783 7.57446 -0.144018 -0.127822 0.606681 4.80505 9.34956 -6.35789 1 1 1 1
6.08289 7.9538 3.14724 0.119748 0.0885076 0.0171617 7.28732 2.93958 -1.1154 1 1 1 1
8.40616 5.56261 3.14288 0.20674 0.225748 0.197069 6.80865 3.9284 -0.486177 1 1 1 1
6.8206 4.08231 2.95503 -0.0270995 -0.289441 -0.292825 2.40354 1.31727 6.56396 1 1 1 1
6.56126 2.2477 4.00047 -0.00573078 -0.192679 0.104668 -7.45007 1.86409 1.97969 1 1 1 1
7.62103 5.51246 3.91982 1.02651 0.16963 0.03857 -0.989039 5.75378 2.36695 1 1 1 1
8.42201 4.77396 5.55454 -0.180622 -0.314709 -0.670838 11.9473 -6.46062 -3.40816 1 1 1 1
6.70883 3.49841 5.77255 -0.57009 -0.118532 -0.165846 0.292007 -4.53237 -5.74038 1 1 1 1
8.40061 5.76855 7.4293 0.367961 0.201951 -0.0954587 6.07815 -4.27578 0.3336 1 1 1 1
7.52554 5.60524 0.599768 -0.233322 0.509584 -0.0254296 3.14928 1.17985 1.04521 1 1 1 1
6.14142 7.13628 3.89424 0.279043 0.259407 0.106675 16.8162 19.8182 6.79831 1 1 1 1
6.09853 6.29912 3.07366 -0.137522 0.279757 -0.0927656 -10.8751 20.4479 -5.61527 1 1 1 1
6.86725 7.13319 3.15047 -0.111586 0.589664 -0.800128 2.12476 -3.23007 -8.08006 1 1 1 1
7.24458 4.50741 6.61388 0.278461 -0.163031 0.331717 7.53716 4.06675 10.9977 1 1 1 1
6.08976 7.25237 6.6045 0.630328 -0.102355 -0.212533 -4.82897 0.890533 8.00922 1 1 1 1
7.50386 5.14479 7.48408 0.399332 0.286664 0.0470589 -0.706774 -2.343 2.78719 1 1 1 1
8.42852 5.54807 4.68176 -0.0101644 0.175152 -0.194989 0.0655587 -2.00496 -0.221149 1 1 1 1
4.52763 7.16223 2.37838 0.0758868 0.869273 -0.344178 -0.995478 7.35169 2.96128 1 1 1 1
6.94199 6.43742 2.27315 0.0834923 0.0561139 -0.95101 -15.3078 9.73229 8.81521 1 1 1 1
8.30477 7.16977 4.83317 0.0835161 0.295668 -0.530713 0.952809 3.19951 -6.67394 1 1 1 1
6.60328 6.7846 4.83108 0.0105416 0.11239 -0.130202 -6.99146 1.0487 -2.55498 1 1 1 1
8.09963 6.28179 6.48611 0.370954 -0.0897708 0.512685 -6.54824 3.83566 -1.49391 1 1 1 1
6.05269 8.42234 6.5473 -0.223935 -0.387511 -0.00735552 -5.03285 -1.64967 1.80254 1 1 1 1
6.34711 7.88724 7.53305 0.138217 0.372642 0.233143 -3.43826 -0.602704 -4.39745 1 1 1 1
8.47253 6.33828 5.4416 0.27544 0.352959 0.156182 -7.63559 -10.7143 2.8885 1 1 1 1
